1 0
2 1
3 2
4 3
5 4
6 5
7 6
8 7
9 8
10 9
11 10
12 11
13 12
14 13
15 14
16 15
17 16
18 17
19 18
20 19
21 20
22 21
23 22
24 23
25 24
26 25
27 26
28 27
29 28
30 29
31 30
32 31
33 32
34 33
35 34
36 35
37 36
38 37
39 38
40 39
41 40
42 41
43 42
44 43
45 44
46 45
47 46
48 47
49 48
50 49
51 50
52 51
53 52
54 53
55 54
56 55
57 56
58 57
59 58
60 59
61 60
62 61
63 62
64 63
65 64
66 65
67 66
68 67
69 68
70 69
71 70
72 71
73 72
74 73
75 74
76 75
77 76
78 77
79 78
80 79
81 80
82 81
83 82
84 83
85 84
86 85
87 87
88 88
89 89
90 90
91 91
92 92
93 93
94 94
95 95
96 96
97 98
98 99
99 100
100 101
101 102
102 103
103 104
104 106
105 107
106 108
107 109
108 110
109 111
110 112
111 113
112 114
113 115
114 116
115 117
116 118
117 119
118 120
119 121
120 122
121 123
122 124
123 125
124 126
125 127
126 128
127 129
128 130
129 131
130 132
131 133
132 134
133 135
134 136
135 137
136 139
137 140
138 141
139 142
140 143
141 144
142 145
143 146
144 147
145 149
146 151
147 152
148 153
149 154
150 155
151 156
152 157
153 158
154 159
155 160
156 161
157 162
158 163
159 164
160 165
161 166
162 167
163 168
164 169
165 170
166 171
167 172
168 173
169 174
170 175
171 176
172 177
173 178
174 179
175 180
176 181
177 182
178 183
179 184
180 185
181 186
182 187
183 188
184 189
185 190
186 191
187 192
188 193
189 194
190 195
191 196
192 197
193 198
194 199
195 200
196 201
197 202
198 203
199 204
200 206
201 208
202 209
203 210
204 211
205 212
206 213
207 214
208 215
209 216
210 217
211 218
212 219
213 220
214 221
215 222
216 223
217 225
218 227
219 228
220 229
221 230
222 231
223 232
224 233
225 234
226 235
227 236
228 237
229 238
230 239
231 240
232 241
233 242
234 243
235 244
236 247
237 248
238 249
239 250
240 251
241 252
242 253
243 254
244 255
245 256
246 257
247 258
248 259
249 260
250 261
251 263
252 264
253 265
254 266
255 267
256 268
257 269
258 270
259 271
260 272
261 273
262 274
263 275
264 276
265 277
266 278
267 279
268 280
269 281
270 282
271 283
272 284
273 287
274 288
275 289
276 290
277 291
278 292
279 293
280 294
281 295
282 296
283 297
284 299
285 300
286 301
287 302
288 304
289 305
290 306
291 307
292 308
293 309
294 310
295 311
296 312
297 313
298 314
299 315
300 316
301 317
302 318
303 319
304 320
305 321
306 322
307 323
308 324
309 325
310 326
311 327
312 328
313 329
314 330
315 331
316 334
317 335
318 336
319 337
320 338
321 339
322 340
323 341
324 342
325 343
326 344
327 345
328 347
329 348
330 349
331 350
332 351
333 352
334 353
335 354
336 355
337 356
338 357
339 358
340 360
341 361
342 362
343 363
344 364
345 365
346 366
347 367
348 368
349 369
350 370
351 371
352 372
353 373
354 374
355 375
356 376
357 377
358 378
359 379
360 380
361 381
362 382
363 383
364 384
365 385
366 386
367 387
368 388
369 389
370 390
371 391
372 392
373 393
374 395
375 396
376 397
377 398
378 399
379 400
380 401
381 402
382 403
383 404
384 405
385 406
386 407
387 408
388 409
389 410
390 411
391 412
392 413
393 415
394 416
395 417
396 418
397 419
398 420
399 421
400 423
401 424
402 425
403 426
404 427
405 428
406 429
407 430
408 431
409 432
410 433
411 434
412 435
413 436
414 437
415 439
416 440
417 441
418 442
419 443
420 444
421 445
422 446
423 447
424 448
425 449
426 450
427 451
428 452
429 453
430 454
431 455
432 456
433 457
434 458
435 459
436 460
437 461
438 464
439 465
440 466
441 467
442 468
443 469
444 471
445 472
446 473
447 474
448 475
449 476
450 477
451 478
452 479
453 480
454 481
455 482
456 483
457 484
458 485
459 486
460 487
461 488
462 490
463 491
464 492
465 493
466 494
467 495
468 496
469 497
470 498
471 499
472 500
473 501
474 502
475 503
476 504
477 505
478 506
479 507
480 508
481 509
482 510
483 511
484 512
485 513
486 514
487 515
488 516
489 517
490 518
491 519
492 520
493 521
494 522
495 523
496 524
497 525
498 526
499 527
500 528
501 529
502 530
503 531
504 532
505 533
506 534
507 535
508 536
509 537
510 538
511 539
512 541
513 542
514 543
515 544
516 545
517 546
518 547
519 548
520 549
521 550
522 551
523 552
524 553
525 554
526 555
527 556
528 557
529 558
530 559
531 560
532 562
533 563
534 564
535 565
536 566
537 567
538 568
539 569
540 570
541 571
542 572
543 573
544 574
545 575
546 576
547 577
548 579
549 580
550 581
551 582
552 583
553 584
554 585
555 586
556 588
557 590
558 591
559 593
560 594
561 596
562 598
563 599
564 600
565 602
566 603
567 604
568 605
569 606
570 607
571 608
572 609
573 610
574 611
575 612
576 613
577 614
578 615
579 616
580 617
581 618
582 619
583 620
584 621
585 622
586 623
587 625
588 626
589 627
590 628
591 629
592 630
593 631
594 633
595 634
596 635
597 637
598 638
599 639
600 640
601 641
602 642
603 643
604 645
605 646
606 648
607 649
608 650
609 651
610 652
611 653
612 654
613 655
614 656
615 657
616 658
617 659
618 660
619 661
620 662
621 663
622 664
623 665
624 666
625 667
626 668
627 669
628 670
629 671
630 672
631 674
632 675
633 676
634 677
635 678
636 679
637 680
638 681
639 682
640 683
641 684
642 685
643 686
644 687
645 688
646 689
647 690
648 691
649 692
650 693
651 694
652 695
653 696
654 698
655 699
656 700
657 701
658 702
659 703
660 704
661 705
662 715
663 716
664 717
665 718
666 719
667 721
668 722
669 723
670 724
671 726
672 727
673 728
674 729
675 730
676 731
677 732
678 733
679 735
680 736
681 737
682 738
683 739
684 740
685 741
686 742
687 743
688 744
689 755
690 756
691 757
692 758
693 760
694 764
695 765
696 766
697 767
698 768
699 769
700 770
701 772
702 773
703 774
704 775
705 776
706 777
707 778
708 779
709 780
710 781
711 782
712 783
713 784
714 785
715 786
716 787
717 788
718 789
719 790
720 791
721 793
722 794
723 795
724 796
725 797
726 798
727 799
728 800
729 802
730 803
731 804
732 805
733 806
734 807
735 808
736 809
737 810
738 811
739 813
740 814
741 815
742 816
743 817
744 818
745 819
746 820
747 821
748 822
749 823
750 824
751 825
752 826
753 827
754 828
755 829
756 830
757 831
758 832
759 833
760 834
761 835
762 836
763 837
764 838
765 839
766 840
767 841
768 842
769 844
770 845
771 846
772 847
773 848
774 849
775 851
776 852
777 853
778 855
779 856
780 857
781 858
782 859
783 860
784 861
785 862
786 863
787 864
788 865
789 866
790 867
791 868
792 869
793 870
794 871
795 872
796 873
797 874
798 875
799 876
800 877
